2 0.500374 0.5 0.996343 1 0.66636
3 0.5 0.5 1 1 0.943667
3 0.499477 0.5 0.998955 1 0.949369
2 0.5 0.500487 1 0.999026 0.937558
2 0.502507 0.499468 0.994986 0.998936 0.512474
3 0.253117 0.526819 0.490631 0.230748 0.498228
2 0.49689 0.551482 0.993485 0.897035 0.518557
2 0.5 0.326758 1 0.653516 0.503827
2 0.5 0.500487 1 0.999026 0.937558
2 0.502507 0.499468 0.994986 0.998936 0.512474
3 0.253117 0.526819 0.490631 0.230748 0.498228
1 0.485896 0.466818 0.971793 0.828325 0.333393
3 0.488445 0.276781 0.765702 0.479071 0.490759
2 0.5 0.497984 1 0.995968 0.278116
2 0.500812 0.5 0.998183 1 0.902155
3 0.499639 0.5 0.999277 1 0.927751
2 0.505523 0.5 0.984923 1 0.841765
2 0.500512 0.5 0.998977 1 0.911326
